min;max;mean
1.01;1.75252;1.01743
1.01;1.75252;1.01499
1.01;1.93762;1.01911
1.01;1.93762;1.01879
1.01;1.93762;1.01767
1.01;1.93762;1.01714
1.01;1.93762;1.01649
1.01;1.93762;1.01568
1.01;1.93762;1.01722
1.01;1.93762;1.01666
1.01;1.93762;1.01779
1.01;1.93762;1.01771
1.01;1.93762;1.01929
1.01;1.93762;1.01988
1.01;1.93762;1.02016
1.01;2.01417;1.0204
1.01;2.01417;1.01979
1.01;2.01417;1.01992
1.01;2.01417;1.01961
1.01;2.01417;1.0194
1.01;2.01417;1.01991
1.01;2.01417;1.01981
1.01;2.01417;1.01991
1.01;2.01417;1.02038
1.01;2.01417;1.02021
1.01;2.01417;1.01995
1.01;2.01417;1.01982
1.01;2.01417;1.01976
1.01;2.01417;1.02001
1.01;2.01417;1.01984
1.01;2.01417;1.02068
1.01;2.01417;1.02035
1.01;2.01417;1.02039
1.01;2.01417;1.02074
1.01;2.01417;1.02087
1.01;2.01417;1.02076
1.01;2.01417;1.02052
1.01;2.01417;1.02059
1.01;2.01417;1.02076
1.01;2.01417;1.02065
1.01;2.01417;1.02094
1.01;2.01417;1.0212
1.01;2.01509;1.02124
1.01;2.01509;1.02106
1.01;2.01509;1.02123
1.01;2.01509;1.02117
1.01;2.01509;1.02137
1.01;2.01509;1.02137
1.01;2.01509;1.02124
1.01;2.01509;1.02125
1.01;2.01509;1.02122
1.01;2.01509;1.02143
1.01;2.01509;1.0214
1.01;2.01509;1.02119
1.01;2.01509;1.02099
1.01;2.01509;1.02087
1.01;2.01509;1.02113
1.01;2.01509;1.02094
1.01;2.01509;1.02117
1.01;2.01509;1.0212
1.01;2.01509;1.02134
1.01;2.01509;1.02115
1.01;2.01509;1.0213
1.01;2.01509;1.0213
1.01;2.01509;1.02121
1.01;2.03546;1.02134
1.01;2.03546;1.02117
1.01;2.03546;1.021
1.01;2.03546;1.02123
1.01;2.03546;1.02121
1.01;2.03546;1.02105
1.01;2.03546;1.02098
1.01;2.03546;1.02083
1.01;2.03546;1.02072
1.01;2.03546;1.02058
1.01;2.03546;1.02074
1.01;2.03546;1.02074
1.01;2.03546;1.02104
1.01;2.03546;1.02099
1.01;2.03546;1.02085
1.01;2.03546;1.02073
1.01;2.03546;1.02072
1.01;2.03546;1.02062
1.01;2.03546;1.02064
1.01;2.03546;1.02067
1.01;2.03546;1.02069
1.01;2.03546;1.02068
1.01;2.03546;1.02062
1.01;2.03546;1.02052
1.01;2.03546;1.02045
1.01;2.03546;1.0205
1.01;2.03546;1.02049
1.01;2.03546;1.02047
1.01;2.03546;1.02049
1.01;2.03546;1.02046
1.01;2.03546;1.02051
1.01;2.03546;1.02042
1.01;2.03546;1.02039
1.01;2.03546;1.02056
1.01;2.03546;1.0206
1.01;2.03546;1.02059
1.01;2.03546;1.02062
1.01;2.03546;1.02075
1.01;2.03546;1.02081
1.01;2.03546;1.02086
1.01;2.03546;1.02097
1.01;2.03546;1.021
1.01;2.03546;1.02097
1.01;2.03546;1.02094
1.01;2.03546;1.02104
1.01;2.03546;1.02096
1.01;2.03546;1.02097
1.01;2.03546;1.02087
1.01;2.03546;1.02088
1.01;2.03546;1.02079
1.01;2.03546;1.02077
1.01;2.03546;1.02075
1.01;2.03546;1.02081
1.01;2.03546;1.02072
1.01;2.03546;1.02088
1.01;2.03546;1.02082
1.01;2.03546;1.02085
1.01;2.03546;1.02093
1.01;2.03546;1.02098
1.01;2.03546;1.02099
1.01;2.03546;1.02101
1.01;2.03546;1.02098
1.01;2.03546;1.02092
1.01;2.03546;1.02083
1.01;2.03546;1.02091
1.01;2.03546;1.02091
1.01;2.1377;1.02109
1.01;2.1377;1.02124
1.01;2.1377;1.02116
1.01;2.1377;1.0212
1.01;2.1377;1.02112
1.01;2.1377;1.0211
1.01;2.1377;1.02115
1.01;2.1377;1.02114
1.01;2.1377;1.02123
1.01;2.1377;1.02132
1.01;2.1377;1.02138
1.01;2.1377;1.02136
1.01;2.1377;1.02134
1.01;2.1377;1.02126
1.01;2.1377;1.0213
1.01;2.1377;1.02127
1.01;2.1377;1.02124
1.01;2.1377;1.0213
1.01;2.1377;1.02138
1.01;2.1377;1.02142
1.01;2.1377;1.02149
1.01;2.1377;1.02149
1.01;2.1377;1.02146
1.01;2.1377;1.02152
1.01;2.1377;1.02169
1.01;2.1377;1.02168
1.01;2.1377;1.02163
1.01;2.1377;1.02156
1.01;2.1377;1.02159
1.01;2.1377;1.02157
1.01;2.1377;1.02165
1.01;2.1377;1.02158
1.01;2.1377;1.02157
1.01;2.1377;1.02154
1.01;2.1377;1.02153
1.01;2.1377;1.02151
1.01;2.1377;1.02156
1.01;2.1377;1.02153
1.01;2.1377;1.0216
1.01;2.1377;1.02156
1.01;2.1377;1.02152
1.01;2.1377;1.02149
1.01;2.1377;1.02142
1.01;2.1377;1.02138
1.01;2.1377;1.02135
1.01;2.1377;1.02138
1.01;2.1377;1.02133
1.01;2.1377;1.02131
1.01;2.1377;1.02128
1.01;2.1377;1.02122
1.01;2.1377;1.02125
1.01;2.1377;1.02125
1.01;2.1377;1.02119
1.01;2.1377;1.02114
1.01;2.1377;1.02123
1.01;2.1377;1.02126
1.01;2.1377;1.02128
1.01;2.1377;1.02125
1.01;2.1377;1.02124
1.01;2.1377;1.02122
1.01;2.1377;1.02121
1.01;2.1377;1.02117
1.01;2.1377;1.02115
1.01;2.1377;1.0211
1.01;2.1377;1.02104
1.01;2.1377;1.02102
1.01;2.1377;1.021
1.01;2.1377;1.02098
1.01;2.1377;1.02109
1.01;2.1377;1.02115
1.01;2.1377;1.02126
1.01;2.1377;1.02133
1.01;2.1377;1.02131
1.01;2.1377;1.02133
1.01;2.1377;1.02134
1.01;2.1377;1.02131
1.01;2.1377;1.02133
1.01;2.1377;1.02133
1.01;2.1377;1.02133
1.01;2.1377;1.02129
1.01;2.1377;1.02128
1.01;2.1377;1.02134
1.01;2.1377;1.02132
1.01;2.1377;1.02134
1.01;2.1377;1.02131
1.01;2.1377;1.02133
1.01;2.1377;1.02131
1.01;2.1377;1.02132
1.01;2.1377;1.02138
1.01;2.1377;1.02142
1.01;2.1377;1.0214
1.01;2.1377;1.02143
1.01;2.1377;1.02147
1.01;2.1377;1.02145
1.01;2.1377;1.0216
1.01;2.1377;1.02157
1.01;2.1377;1.02159
1.01;2.1377;1.02156
1.01;2.1377;1.02151
1.01;2.1377;1.02156
1.01;2.1377;1.02152
1.01;2.1377;1.02148
1.01;2.1377;1.02147
1.01;2.1377;1.02145
1.01;2.1377;1.0215
1.01;2.1377;1.02146
1.01;2.1377;1.02142
1.01;2.1377;1.02146
1.01;2.1377;1.02145
1.01;2.1377;1.02146
1.01;2.1377;1.02152
1.01;2.1377;1.0215
1.01;2.1377;1.0215
1.01;2.1377;1.02152
1.01;2.1377;1.02155
1.01;2.1377;1.02153
1.01;2.1377;1.02158
1.01;2.1377;1.02157
1.01;2.31848;1.02168
1.01;2.31848;1.0217
1.01;2.31848;1.02179
1.01;2.31848;1.02183
1.01;2.31848;1.0218
1.01;2.31848;1.02177
1.01;2.31848;1.02173
1.01;2.31848;1.02171
1.01;2.31848;1.02172
1.01;2.31848;1.02168
1.01;2.31848;1.02163
1.01;2.31848;1.0217
1.01;2.31848;1.02168
1.01;2.31848;1.02164
1.01;2.31848;1.02161
1.01;2.31848;1.02168
1.01;2.31848;1.0217
1.01;2.31848;1.02169
1.01;2.31848;1.02167
1.01;2.31848;1.02165
1.01;2.31848;1.02167
1.01;2.31848;1.0217
1.01;2.31848;1.02171
1.01;2.31848;1.02173
1.01;2.31848;1.0217
1.01;2.31848;1.02169
1.01;2.31848;1.02174
1.01;2.31848;1.0218
1.01;2.31848;1.02178
1.01;2.31848;1.02178
1.01;2.31848;1.02177
1.01;2.31848;1.0218
1.01;2.31848;1.02176
1.01;2.31848;1.02185
1.01;2.31848;1.02183
1.01;2.31848;1.02181
1.01;2.31848;1.02179
1.01;2.31848;1.02183
1.01;2.31848;1.02185
1.01;2.31848;1.02192
1.01;2.31848;1.0219
1.01;2.31848;1.02189
1.01;2.31848;1.02189
1.01;2.31848;1.02186
1.01;2.31848;1.02185
1.01;2.31848;1.02183
1.01;2.31848;1.02185
1.01;2.31848;1.02181
1.01;2.31848;1.0218
1.01;2.31848;1.02179
1.01;2.31848;1.02185
1.01;2.31848;1.02189
1.01;2.31848;1.02187
1.01;2.31848;1.02186
1.01;2.31848;1.02184
1.01;2.31848;1.02185
1.01;2.31848;1.02186
1.01;2.31848;1.02188
1.01;2.31848;1.02184
1.01;2.65765;1.02191
1.01;2.65765;1.0219
1.01;2.65765;1.02192
1.01;2.65765;1.02188
1.01;2.65765;1.02186
1.01;2.65765;1.02189
1.01;2.65765;1.02198
1.01;2.65765;1.02204
1.01;2.65765;1.02205
1.01;2.65765;1.02201
1.01;2.65765;1.02205
1.01;2.65765;1.02202
1.01;2.65765;1.02202
1.01;2.65765;1.02203
1.01;2.65765;1.02205
1.01;2.65765;1.02207
1.01;2.65765;1.02207
1.01;2.65765;1.02205
1.01;2.65765;1.02202
1.01;2.65765;1.02198
1.01;2.65765;1.02195
1.01;2.65765;1.02194
1.01;2.65765;1.02195
1.01;2.65765;1.02194
1.01;2.65765;1.0219
1.01;2.65765;1.02192
1.01;2.65765;1.02195
1.01;2.65765;1.02192
1.01;2.65765;1.02192
1.01;2.65765;1.02191
1.01;2.65765;1.02195
1.01;2.65765;1.02195
1.01;2.65765;1.02197
1.01;2.65765;1.02197
1.01;2.65765;1.02198
1.01;2.65765;1.02207
1.01;2.65765;1.02207
1.01;2.65765;1.02204
1.01;2.65765;1.02202
1.01;2.65765;1.02199
1.01;2.65765;1.02197
1.01;2.65765;1.02201
1.01;2.65765;1.02202
1.01;2.65765;1.02198
1.01;2.65765;1.02203
1.01;2.65765;1.02203
1.01;2.65765;1.02202
1.01;2.65765;1.02202
1.01;2.65765;1.02202
1.01;2.65765;1.02201
1.01;2.65765;1.02206
1.01;2.65765;1.02205
1.01;2.65765;1.02207
1.01;2.65765;1.02205
1.01;2.65765;1.02208
1.01;2.65765;1.02206
1.01;2.65765;1.02205
1.01;2.65765;1.02206
1.01;2.65765;1.02205
1.01;2.65765;1.02202
1.01;2.65765;1.02203
1.01;2.65765;1.02202
1.01;2.65765;1.02209
1.01;2.65765;1.02211
1.01;2.65765;1.02212
1.01;2.65765;1.02208
1.01;2.65765;1.02207
1.01;2.65765;1.02208
1.01;2.65765;1.02207
1.01;2.65765;1.02208
1.01;2.65765;1.02208
1.01;2.65765;1.02204
1.01;2.65765;1.02204
1.01;2.65765;1.02201
1.01;2.65765;1.022
1.01;2.65765;1.022
1.01;2.65765;1.02198
1.01;2.65765;1.02196
1.01;2.65765;1.02193
1.01;2.65765;1.02194
1.01;2.65765;1.02192
1.01;2.65765;1.0219
1.01;2.65765;1.0219
1.01;2.65765;1.0219
1.01;2.65765;1.02188
1.01;2.65765;1.02188
1.01;2.65765;1.02188
1.01;2.65765;1.02188
1.01;2.65765;1.02188
1.01;2.65765;1.02186
1.01;2.65765;1.02186
1.01;2.65765;1.02187
1.01;2.65765;1.02189
1.01;2.65765;1.02188
1.01;2.65765;1.02188
1.01;2.65765;1.02187
1.01;2.65765;1.02184
1.01;2.65765;1.02188
1.01;2.65765;1.02187
1.01;2.65765;1.02187
1.01;2.65765;1.02189
1.01;2.65765;1.02189
1.01;2.65765;1.02186
1.01;2.65765;1.02184
1.01;2.65765;1.02182
1.01;2.65765;1.02182
1.01;2.65765;1.02183
1.01;2.65765;1.02184
1.01;2.65765;1.02184
1.01;2.65765;1.02181
1.01;2.65765;1.0218
1.01;2.65765;1.02178
1.01;2.65765;1.02179
1.01;2.65765;1.02176
1.01;2.65765;1.02175
1.01;2.65765;1.02173
1.01;2.65765;1.02171
1.01;2.65765;1.02169
1.01;2.65765;1.02171
1.01;2.65765;1.02171
1.01;2.65765;1.02171
1.01;2.65765;1.02169
1.01;2.65765;1.0217
1.01;2.65765;1.02167
1.01;2.65765;1.02164
1.01;2.65765;1.02167
1.01;2.65765;1.02168
1.01;2.65765;1.02167
1.01;2.65765;1.02167
1.01;2.65765;1.02166
1.01;2.65765;1.02168
1.01;2.65765;1.02169
1.01;2.65765;1.02172
1.01;2.65765;1.02176
1.01;2.65765;1.02175
1.01;2.65765;1.02173
1.01;2.65765;1.0217
1.01;2.65765;1.02171
1.01;2.65765;1.02169
1.01;2.65765;1.02168
1.01;2.65765;1.0217
1.01;2.65765;1.0217
1.01;2.65765;1.02169
1.01;2.65765;1.02168
1.01;2.65765;1.02167
1.01;2.65765;1.02167
1.01;2.65765;1.02166
1.01;2.65765;1.0217
1.01;2.65765;1.02169
1.01;2.65765;1.02169
1.01;2.65765;1.02167
1.01;2.65765;1.02168
1.01;2.65765;1.02166
1.01;2.65765;1.02163
1.01;2.65765;1.02161
1.01;2.65765;1.02159
1.01;2.65765;1.02158
1.01;2.65765;1.02159
1.01;2.65765;1.0216
1.01;2.65765;1.02158
1.01;2.65765;1.02157
1.01;2.65765;1.02158
1.01;2.65765;1.0216
1.01;2.65765;1.02157
1.01;2.65765;1.02156
1.01;2.65765;1.0216
1.01;2.65765;1.0216
1.01;2.65765;1.02163
1.01;2.65765;1.02166
1.01;2.65765;1.02165
1.01;2.65765;1.02166
1.01;2.65765;1.02166
1.01;2.65765;1.02165
1.01;2.65765;1.02171
1.01;2.65765;1.0217
1.01;2.65765;1.02172
1.01;2.65765;1.02173
1.01;2.65765;1.02174
1.01;2.65765;1.02177
1.01;2.65765;1.02178
1.01;2.65765;1.02177
1.01;2.65765;1.02177
1.01;2.65765;1.02178
1.01;2.65765;1.02177
1.01;2.65765;1.02177
1.01;2.65765;1.02179
1.01;2.65765;1.02181
1.01;2.65765;1.02178
1.01;2.65765;1.02178
1.01;2.65765;1.02179
1.01;2.65765;1.02179
1.01;2.65765;1.02184
1.01;2.65765;1.02184
1.01;2.65765;1.02181
1.01;2.65765;1.02183
1.01;2.65765;1.02183
1.01;2.65765;1.02181
1.01;2.65765;1.02181
1.01;2.65765;1.02181
1.01;2.65765;1.02182
1.01;2.65765;1.02182
1.01;2.65765;1.0218
1.01;2.65765;1.02178
1.01;2.65765;1.02181
1.01;2.65765;1.02179
1.01;2.65765;1.02176
1.01;2.65765;1.02174
1.01;2.65765;1.02173
1.01;2.65765;1.02179
1.01;2.65765;1.02177
1.01;2.65765;1.02175
1.01;2.65765;1.02175
1.01;2.65765;1.02174
1.01;2.65765;1.02176
1.01;2.65765;1.02176
1.01;2.65765;1.02175
1.01;2.65765;1.02174
1.01;2.65765;1.02173
1.01;2.65765;1.02175
1.01;2.65765;1.02173
1.01;2.65765;1.02173
1.01;2.65765;1.02171
1.01;2.65765;1.02169
1.01;2.65765;1.02172
1.01;2.65765;1.02171
1.01;2.65765;1.02171
1.01;2.65765;1.0217
1.01;2.65765;1.02171
1.01;2.65765;1.02172
1.01;2.65765;1.02174
1.01;2.65765;1.02174
1.01;2.65765;1.02173
1.01;2.65765;1.02172
1.01;2.65765;1.02172
1.01;2.65765;1.02172
1.01;2.65765;1.02172
1.01;2.65765;1.02174
1.01;2.65765;1.02174
1.01;2.65765;1.02174
1.01;2.65765;1.02173
1.01;2.65765;1.02175
1.01;2.65765;1.02177
1.01;2.65765;1.02175
1.01;2.65765;1.02173
1.01;2.65765;1.02174
1.01;2.65765;1.02174
1.01;2.65765;1.02172
1.01;2.65765;1.02171
1.01;2.65765;1.02172
1.01;2.65765;1.02172
1.01;2.65765;1.02173
1.01;2.65765;1.02176
1.01;2.65765;1.02178
1.01;2.65765;1.02179
1.01;2.65765;1.02178
1.01;2.65765;1.02176
1.01;2.65765;1.02174
1.01;2.65765;1.02176
1.01;2.65765;1.02176
1.01;2.65765;1.02177
1.01;2.65765;1.02176
1.01;2.65765;1.02174
1.01;2.65765;1.02173
1.01;2.65765;1.02172
1.01;2.65765;1.02174
1.01;2.65765;1.02173
1.01;2.65765;1.02175
1.01;2.65765;1.02175
1.01;2.65765;1.02173
1.01;2.65765;1.02172
1.01;2.65765;1.02174
1.01;2.65765;1.02175
1.01;2.65765;1.02175
1.01;2.65765;1.02176
1.01;2.65765;1.02179
1.01;2.65765;1.02184
1.01;2.65765;1.02184
1.01;2.65765;1.02184
1.01;2.65765;1.02182
1.01;2.65765;1.02181
1.01;2.65765;1.02181
1.01;2.65765;1.02182
1.01;2.65765;1.0218
1.01;2.65765;1.02181
1.01;2.65765;1.02183
1.01;2.65765;1.02184
1.01;2.65765;1.02183
1.01;2.65765;1.02184
1.01;2.65765;1.02184
1.01;2.65765;1.02188
1.01;2.65765;1.02187
1.01;2.65765;1.02188
1.01;2.65765;1.02188
1.01;2.65765;1.02188
1.01;2.65765;1.02188
1.01;2.65765;1.02189
1.01;2.65765;1.02187
1.01;2.65765;1.02187
1.01;2.65765;1.02187
1.01;2.65765;1.02187
1.01;2.65765;1.02185
1.01;2.65765;1.02186
1.01;2.65765;1.02187
1.01;2.65765;1.02186
1.01;2.65765;1.02184
1.01;2.65765;1.02182
1.01;2.65765;1.0218
1.01;2.65765;1.02179
